12 29.41
36 28.89
55 22.50
56 7.14
60 7.50
81 21.28
82 26.32
84 63.64
85 15.00
98 28.00
99 9.52
105 20.00
106 26.32
108 17.39
124 16.00
125 4.55
132 36.73
156 23.81
175 35.71
176 21.05
180 37.50
181 5.56
195 5.77
204 2.08
228 47.17
229 11.11
252 9.09
253 4.76
267 7.89
268 15.79
276 63.41
277 33.33
300 53.06
301 18.75
324 59.57
325 13.33
335 11.90
336 11.76
348 8.51
349 12.50
372 25.81
373 10.00
387 28.12
388 16.67
393 24.14
394 7.69
396 15.62
410 13.89
420 5.56
421 12.50
444 27.78
445 35.29
465 13.89
466 11.76
468 48.65
469 6.67
492 48.57
516 25.00
517 5.26
523 9.38
524 5.56
536 14.29
537 11.76
540 43.24
541 23.81
564 21.88
565 25.00
570 15.62
577 20.83
578 12.50
579 20.69
580 18.75
588 10.00
589 23.53
612 51.61
613 30.43
617 44.44
618 15.00
623 5.88
624 11.11
636 15.38
660 42.42
661 19.23
684 27.27
685 14.29
688 10.00
689 13.64
701 15.15
702 8.70
708 9.38
709 22.22
727 17.86
728 12.00
732 14.29
733 8.33
751 3.57
752 12.90
756 8.82
757 3.45
769 23.53
770 10.81
780 61.29
781 10.81
804 29.41
805 19.57
813 9.38
814 20.00
828 16.67
829 6.38
841 22.58
842 5.26
852 14.29
853 3.39
876 11.43
877 12.12
886 3.23
887 2.99
900 24.24
901 8.06
924 12.50
925 10.77
939 22.73
940 13.79
943 21.43
944 16.95
948 15.79
949 18.52
