12 37.50
36 35.71
55 23.08
81 23.08
82 33.33
84 72.73
85 16.67
98 35.71
105 25.00
108 15.38
132 42.86
156 36.36
175 27.27
176 42.86
180 23.08
195 7.14
228 62.50
229 16.67
252 6.67
268 16.67
276 75.00
277 16.67
300 75.00
324 83.33
325 33.33
335 30.00
348 18.18
372 42.86
373 16.67
387 20.00
388 20.00
393 33.33
396 12.50
410 14.29
420 11.11
444 33.33
445 33.33
465 11.11
468 66.67
492 62.50
516 40.00
517 16.67
523 11.11
524 16.67
537 16.67
540 54.55
541 37.50
564 50.00
570 14.29
577 25.00
578 28.57
579 33.33
580 28.57
588 22.22
589 25.00
612 66.67
613 33.33
617 50.00
618 14.29
624 14.29
636 16.67
660 66.67
661 22.22
684 42.86
688 25.00
689 14.29
701 33.33
702 10.00
708 11.11
709 20.00
728 20.00
733 20.00
752 25.00
756 11.11
757 9.09
769 22.22
780 85.71
781 6.67
804 40.00
805 21.05
813 22.22
814 20.00
828 22.22
829 10.00
841 25.00
842 8.33
852 33.33
853 4.17
877 10.00
887 10.00
900 14.29
924 28.57
925 13.79
939 20.00
940 10.71
944 11.11
949 19.05
