12 26.32
36 21.43
55 25.00
56 11.11
60 4.00
81 17.86
82 33.33
84 65.38
85 16.67
98 32.26
99 7.69
105 16.00
106 18.18
108 11.11
124 10.00
125 7.14
132 37.93
156 30.77
175 33.33
176 27.27
180 30.00
195 3.12
204 3.33
228 50.00
229 16.67
252 9.09
253 6.67
267 4.35
268 18.18
276 62.50
277 45.45
300 53.57
301 22.22
324 71.43
325 20.00
335 16.00
348 7.41
349 20.00
372 31.58
373 12.50
387 27.78
388 14.29
393 12.50
394 12.50
396 15.79
410 13.64
420 4.00
444 25.00
445 22.22
465 8.33
468 54.17
469 11.11
492 58.33
516 29.17
517 9.09
523 4.76
524 10.00
536 13.64
537 9.09
540 48.00
541 30.77
564 27.27
565 10.00
570 14.29
577 35.29
578 18.18
579 15.79
580 18.18
588 9.09
589 16.67
612 57.89
613 26.67
617 53.33
618 7.69
623 9.09
624 16.67
636 12.50
660 56.52
661 23.53
684 33.33
688 15.00
689 6.67
701 18.18
702 12.50
708 13.64
709 23.53
727 5.88
728 12.50
732 23.53
733 13.33
751 5.88
752 20.00
756 9.09
757 5.88
769 20.00
770 4.00
780 68.18
781 8.00
804 31.82
805 18.75
813 9.09
814 24.24
828 18.18
829 5.71
841 26.32
842 6.82
852 17.39
853 2.17
876 14.29
877 12.96
886 5.56
887 5.66
900 15.79
901 4.26
924 15.00
925 11.54
939 23.08
940 12.50
943 25.00
944 16.67
949 23.81
